negative =

    1
    2
    3
    6
   11
   12
   15
   18
   21
   23
   24
   28
   29
   30
   33
   35
   36
   37
   39
   40
   42
   44
   45
   46
   54
   55
   56
   58
   62
   63
   64
   65
   66
   68
   71
   79
   80
   87
   90
   93

