ans =

 Columns 1 through 6:

   0.6304692   0.1484885   0.1560519   0.7554148   0.9129402   0.6537272
   0.2492737   0.5545188   0.7979343   0.5450339   0.4061162   0.6247524
   0.1195678   0.3757895   0.7934654   0.6788590   0.1469429   0.0477992
   0.4560928   0.9458927   0.6277993   0.6205733   0.2702502   0.9475108
   0.5542636   0.1186757   0.2198177   0.4707857   0.7742230   0.0605438
   0.7067676   0.4268631   0.8416228   0.7289448   0.7810137   0.6988172
   0.5885049   0.2417200   0.1530137   0.3854859   0.6272755   0.4046606
   0.2088321   0.2288615   0.8428510   0.3295533   0.3401278   0.6208865
   0.9419736   0.4501718   0.2450716   0.8228776   0.5663990   0.3151979
   0.4653522   0.2671865   0.8287040   0.7817666   0.0010557   0.9542086

 Columns 7 through 10:

   0.4092592   0.4609363   0.0993861   0.7339265
   0.5574812   0.8395699   0.8701139   0.3914834
   0.6423700   0.7944183   0.5070187   0.6112888
   0.7935229   0.7790732   0.0220997   0.2849532
   0.6548967   0.0265201   0.3852560   0.0191588
   0.0849344   0.4068782   0.5916260   0.7031184
   0.0746324   0.1284943   0.5385334   0.7598118
   0.8611921   0.8898121   0.5913643   0.7736191
   0.4068957   0.6546844   0.2269314   0.4040970
   0.4218874   0.9241627   0.4488897   0.7826335

